phi=0.99;
sig_i=[4000 0 0;0 4000 0; 0 0 8000];
tort=1.1;
%alpha_i=1.1*eye(3);
LCV=200;%[200 0 0; 0 200 0;0 0 140].*1e-6;
LCT=500e-6;
rho_1=32;

G= 260*1e3*(1+0.01*1j);
Gp=125*1e3*(1+0.01*1j);
czz=46*1e3*(1+0.01*1j);

C_i=zeros(6,6);
C_i(1,1)=2*G;
C_i(2,2)=2*G;
C_i(3,3)=czz;
C_i(4,4)=2*Gp;
C_i(5,5)=2*Gp;
C_i(6,6)=2*G;

