
rho=4800;

    C=[83.29 45.26 45.26 0 0 0;
          45.26 83.29 45.26 0 0 0;
          45.26 45.26 83.29 0 0 0;
          0 0 0 39.59 0 0;
          0 0 0 0 39.59 0;
          0 0 0 0 0 39.59].*1e9;
    
                                    
                                    
